# Blender 4.3.1
# www.blender.org
mtllib randomLineOBB.mtl
o Cube
v 30.596619 5.943482 -2.718916
v 31.949558 4.516995 -3.085921
v 30.832306 5.661233 -0.753011
v 32.185246 4.234746 -1.120015
v -5.752452 -28.384632 -3.289718
v -4.399512 -29.811119 -3.656722
v -5.516765 -28.666882 -1.323812
v -4.163825 -30.093369 -1.690816
vn -0.6765 0.7132 0.1835
vn 0.1178 -0.1411 0.9830
vn -0.7270 -0.6866 -0.0114
vn 0.6765 -0.7132 -0.1835
vn 0.7270 0.6866 0.0114
vn -0.1178 0.1411 -0.9830
vt 0.625000 0.500000
vt 0.875000 0.500000
vt 0.875000 0.750000
vt 0.625000 0.750000
vt 0.375000 0.750000
vt 0.625000 1.000000
vt 0.375000 1.000000
vt 0.375000 0.000000
vt 0.625000 0.000000
vt 0.625000 0.250000
vt 0.375000 0.250000
vt 0.125000 0.500000
vt 0.375000 0.500000
vt 0.125000 0.750000
s 0
usemtl Material
f 1/1/1 5/2/1 7/3/1 3/4/1
f 4/5/2 3/4/2 7/6/2 8/7/2
f 8/8/3 7/9/3 5/10/3 6/11/3
f 6/12/4 2/13/4 4/5/4 8/14/4
f 2/13/5 1/1/5 3/4/5 4/5/5
f 6/11/6 5/10/6 1/1/6 2/13/6
o Cube.001
v -9.119020 48.661907 -42.691456
v 24.704456 12.999741 -51.866566
v -8.883334 48.379654 -40.725548
v 24.940140 12.717489 -49.900658
v -10.572982 47.288780 -42.714287
v 23.250492 11.626616 -51.889397
v -10.337296 47.006531 -40.748379
v 23.486179 11.344364 -49.923489
vn -0.6765 0.7132 0.1835
vn 0.1178 -0.1411 0.9830
vn -0.7270 -0.6866 -0.0114
vn 0.6765 -0.7132 -0.1835
vn 0.7270 0.6866 0.0114
vn -0.1178 0.1411 -0.9830
vt 0.625000 0.500000
vt 0.875000 0.500000
vt 0.875000 0.750000
vt 0.625000 0.750000
vt 0.375000 0.750000
vt 0.625000 1.000000
vt 0.375000 1.000000
vt 0.375000 0.000000
vt 0.625000 0.000000
vt 0.625000 0.250000
vt 0.375000 0.250000
vt 0.125000 0.500000
vt 0.375000 0.500000
vt 0.125000 0.750000
s 0
usemtl Material
f 9/15/7 13/16/7 15/17/7 11/18/7
f 12/19/8 11/18/8 15/20/8 16/21/8
f 16/22/9 15/23/9 13/24/9 14/25/9
f 14/26/10 10/27/10 12/19/10 16/28/10
f 10/27/11 9/15/11 11/18/11 12/19/11
f 14/25/12 13/24/12 9/15/12 10/27/12
o Cube.002
v 23.250494 11.626619 -51.889397
v 24.603434 10.200132 -52.256401
v 24.704456 12.999743 -51.866570
v 26.057396 11.573257 -52.233574
v 29.142654 4.570356 -2.741747
v 30.495594 3.143870 -3.108751
v 30.596617 5.943481 -2.718916
v 31.949556 4.516994 -3.085920
vn -0.6765 0.7132 0.1835
vn 0.7270 0.6866 0.0114
vn 0.1178 -0.1411 0.9830
vn 0.6765 -0.7132 -0.1835
vn -0.1178 0.1411 -0.9830
vn -0.7270 -0.6866 -0.0114
vt 0.625000 0.500000
vt 0.875000 0.500000
vt 0.875000 0.750000
vt 0.625000 0.750000
vt 0.375000 0.750000
vt 0.625000 1.000000
vt 0.375000 1.000000
vt 0.375000 0.000000
vt 0.625000 0.000000
vt 0.625000 0.250000
vt 0.375000 0.250000
vt 0.125000 0.500000
vt 0.375000 0.500000
vt 0.125000 0.750000
s 0
usemtl Material
f 17/29/13 21/30/13 23/31/13 19/32/13
f 20/33/14 19/32/14 23/34/14 24/35/14
f 24/36/15 23/37/15 21/38/15 22/39/15
f 22/40/16 18/41/16 20/33/16 24/42/16
f 18/41/17 17/29/17 19/32/17 20/33/17
f 22/39/18 21/38/18 17/29/18 18/41/18
